1.jpg 1 219 235 26 42
10.jpg 1 292 243 28 27
100.jpg 1 39 230 41 20
101.jpg 2 254 256 13 30 331 197 25 33
102.jpg 1 254 363 36 22
103.jpg 2 274 211 18 37 291 225 25 32
104.jpg 2 228 178 40 32 234 257 52 24
105.jpg 1 389 61 19 29
106.jpg 2 178 221 25 46 265 239 19 48
107.jpg 1 256 220 19 27
108.jpg 1 228 220 31 44
109.jpg 1 265 437 62 29
11.jpg 3 257 83 42 20 252 50 43 19 248 14 44 25
110.jpg 1 242 281 32 18
111.jpg 2 178 274 34 19 399 137 23 37
112.jpg 2 198 224 24 41 316 258 24 45
113.jpg 1 84 358 33 26
114.jpg 1 261 237 21 35
115.jpg 1 207 274 49 24
116.jpg 1 281 243 20 43
117.jpg 1 377 208 20 25
118.jpg 1 213 222 19 41
119.jpg 1 297 267 32 22
12.jpg 1 257 130 32 39
120.jpg 1 78 24 42 30
121.jpg 1 304 195 56 28
122.jpg 2 211 237 15 35 236 253 16 32
123.jpg 2 296 255 23 38 206 249 26 35
124.jpg 1 239 130 36 24
125.jpg 4 62 88 28 31 281 241 17 38 372 229 16 36 384 221 22 36
126.jpg 1 267 72 23 39
127.jpg 2 227 262 23 31 0 384 13 19
128.jpg 2 258 350 39 26 254 396 49 26
129.jpg 2 242 71 31 23 234 61 26 30
13.jpg 2 259 238 25 41 337 267 26 43
130.jpg 2 275 228 23 29 225 284 18 26
131.jpg 1 340 46 31 25
132.jpg 2 298 200 22 55 191 235 33 53
133.jpg 2 242 362 55 32 283 437 50 24
134.jpg 1 193 351 22 41
135.jpg 1 231 75 19 36
136.jpg 1 242 246 53 30
137.jpg 4 166 193 24 35 196 343 24 41 289 254 25 40 341 260 21 36
138.jpg 2 148 244 17 30 91 220 23 30
139.jpg 1 226 259 53 24
14.jpg 1 296 447 43 19
140.jpg 2 265 255 46 23 275 282 46 24
141.jpg 2 290 236 24 49 209 257 24 42
142.jpg 2 322 290 26 17 289 104 28 15
143.jpg 1 233 341 51 22
144.jpg 2 197 258 24 39 382 195 19 45
145.jpg 2 298 222 17 34 242 309 17 34
146.jpg 1 223 252 23 52
147.jpg 1 239 232 22 39
148.jpg 1 187 252 28 43
149.jpg 1 270 266 24 37
15.jpg 2 245 204 29 31 198 187 38 16
150.jpg 1 233 235 39 47
151.jpg 3 246 311 10 23 381 432 15 28 243 156 14 26
152.jpg 4 238 159 22 38 349 187 20 38 298 397 17 41 299 19 31 40
153.jpg 2 352 154 23 60 158 300 36 53
154.jpg 1 271 327 54 23
155.jpg 2 233 310 21 38 368 340 27 36
156.jpg 1 324 160 23 53
157.jpg 1 401 269 38 18
158.jpg 1 257 220 19 33
159.jpg 1 245 197 29 52
16.jpg 1 312 351 37 25
160.jpg 3 299 155 35 31 130 206 21 33 221 368 17 38
161.jpg 1 285 168 38 19
162.jpg 1 179 245 15 26
163.jpg 1 46 78 20 41
164.jpg 1 239 458 29 12
165.jpg 1 254 234 22 38
166.jpg 2 149 49 42 21 146 14 44 24
167.jpg 2 256 215 36 33 212 277 25 37
168.jpg 3 388 242 23 48 238 253 31 46 223 240 20 42
169.jpg 1 268 207 21 43
17.jpg 1 291 174 20 42
170.jpg 1 289 48 25 39
171.jpg 1 196 209 33 52
172.jpg 2 180 240 24 38 259 198 28 35
173.jpg 1 237 236 25 43
174.jpg 2 301 282 44 31 239 287 45 21
175.jpg 2 246 201 32 19 269 276 36 19
176.jpg 2 327 192 20 43 249 242 26 35
177.jpg 1 233 267 23 47
178.jpg 1 242 423 32 50
179.jpg 4 158 184 17 25 250 205 17 26 261 227 18 25 358 262 19 28
18.jpg 1 299 403 38 29
180.jpg 1 230 59 34 18
181.jpg 1 238 299 46 26
182.jpg 1 141 214 20 30
183.jpg 2 201 225 14 30 282 280 17 34
184.jpg 1 264 202 44 50
185.jpg 3 216 179 26 31 306 231 19 34 420 282 20 35
186.jpg 2 219 244 21 36 245 330 41 24
187.jpg 1 256 39 42 25
188.jpg 2 301 348 25 32 206 327 24 35
189.jpg 2 270 245 21 40 322 254 21 41
19.jpg 7 251 294 34 17 247 267 37 15 247 239 38 18 247 206 35 19 248 189 35 16 245 162 38 18 244 139 41 17
190.jpg 1 308 257 45 31
191.jpg 1 242 247 39 16
192.jpg 1 237 116 26 21
193.jpg 2 150 143 27 40 323 281 31 41
194.jpg 1 260 246 26 37
195.jpg 3 182 266 25 39 217 194 27 38 329 119 37 38
196.jpg 1 197 229 32 34
197.jpg 1 262 423 32 23
198.jpg 1 243 333 20 33
199.jpg 3 317 225 23 35 247 215 23 36 198 325 18 30
2.jpg 2 220 290 35 28 250 154 32 30
20.jpg 1 261 290 52 21
200.jpg 4 160 260 11 23 159 114 15 25 199 116 15 24 281 370 14 25
201.jpg 2 295 264 26 26 197 303 23 28
202.jpg 1 258 151 19 44
203.jpg 1 344 217 26 45
204.jpg 2 299 199 26 18 279 305 25 16
205.jpg 2 228 170 17 24 435 418 30 16
206.jpg 2 312 165 17 28 429 113 23 28
207.jpg 2 286 164 29 20 310 171 37 20
208.jpg 3 258 120 34 41 197 263 23 44 317 298 23 46
209.jpg 1 251 329 20 28
21.jpg 1 237 231 17 32
210.jpg 2 229 46 36 23 227 439 38 25
211.jpg 2 245 254 33 23 207 217 32 20
212.jpg 1 349 81 32 31
213.jpg 1 236 232 49 23
214.jpg 2 253 198 29 33 301 432 23 33
215.jpg 1 281 206 15 31
216.jpg 2 368 127 40 28 48 101 37 14
217.jpg 2 208 425 48 25 204 461 49 24
218.jpg 3 150 173 54 33 376 177 51 45 192 356 63 30
219.jpg 1 310 345 31 25
22.jpg 1 33 414 43 23
220.jpg 2 238 229 38 27 248 276 43 19
221.jpg 3 194 218 37 47 249 301 46 50 340 149 29 56
222.jpg 1 295 171 20 33
223.jpg 1 252 226 31 54
224.jpg 1 280 226 20 51
225.jpg 1 270 242 30 23
226.jpg 2 317 223 21 38 171 144 18 37
227.jpg 1 262 38 32 21
228.jpg 1 221 171 49 27
229.jpg 1 246 266 19 32
23.jpg 1 249 247 23 50
230.jpg 1 243 214 30 43
231.jpg 1 280 218 24 38
232.jpg 2 244 292 24 30 438 163 20 30
233.jpg 2 314 82 33 16 87 241 17 26
234.jpg 1 230 201 21 44
235.jpg 2 249 208 22 41 293 237 27 43
236.jpg 1 218 202 23 39
237.jpg 2 258 220 25 44 285 233 34 48
238.jpg 1 256 199 17 44
239.jpg 1 264 251 39 19
24.jpg 1 252 190 53 25
240.jpg 2 271 31 34 20 127 451 26 16
241.jpg 1 225 430 53 31
242.jpg 1 234 253 29 50
243.jpg 1 256 205 42 18
244.jpg 2 208 205 24 47 366 219 33 48
245.jpg 3 232 304 26 49 338 264 20 43 405 229 22 47
246.jpg 2 183 164 24 40 347 307 31 44
247.jpg 2 246 236 22 46 202 266 27 41
248.jpg 1 213 364 53 31
249.jpg 1 277 238 15 32
25.jpg 2 262 246 19 24 315 266 16 26
26.jpg 2 224 205 33 28 212 296 24 37
27.jpg 2 316 141 39 20 221 412 37 24
28.jpg 1 277 134 27 13
29.jpg 1 270 242 21 33
3.jpg 1 239 203 31 49
30.jpg 1 237 238 29 46
31.jpg 2 248 259 43 19 260 326 40 21
32.jpg 1 327 264 23 27
33.jpg 1 352 141 32 48
34.jpg 1 245 266 37 17
35.jpg 2 257 172 54 30 265 280 50 23
36.jpg 3 205 154 30 21 238 209 36 18 340 288 31 28
37.jpg 2 260 256 39 31 105 261 26 42
38.jpg 1 248 229 27 41
39.jpg 1 242 245 29 33
4.jpg 2 186 247 30 18 224 322 30 19
40.jpg 2 245 239 32 21 227 261 33 19
41.jpg 2 237 240 37 21 280 292 43 25
42.jpg 1 287 219 27 49
43.jpg 2 228 12 47 21 226 46 47 21
44.jpg 2 320 243 30 31 197 371 25 38
45.jpg 2 281 211 20 39 216 253 18 42
46.jpg 2 254 231 34 36 228 218 20 45
47.jpg 2 282 142 32 25 246 85 32 20
48.jpg 2 175 257 15 45 190 269 25 43
49.jpg 2 203 206 17 37 143 350 19 38
5.jpg 1 246 227 26 40
50.jpg 1 217 147 12 23
51.jpg 1 444 269 35 48
52.jpg 2 252 153 13 27 289 313 15 29
53.jpg 2 324 214 40 25 48 396 31 33
54.jpg 2 230 258 41 27 267 283 42 18
55.jpg 1 250 39 26 34
56.jpg 2 217 259 39 19 214 300 39 35
57.jpg 1 265 233 32 43
58.jpg 2 144 222 32 43 274 262 28 44
59.jpg 1 241 218 26 44
6.jpg 1 362 259 39 53
60.jpg 1 28 132 18 33
61.jpg 1 225 447 38 21
62.jpg 1 232 203 27 34
63.jpg 1 235 160 40 17
64.jpg 2 233 204 37 26 228 282 33 25
65.jpg 2 280 169 18 33 327 161 26 31
66.jpg 1 238 231 32 21
67.jpg 1 250 364 19 31
68.jpg 1 251 180 15 27
69.jpg 2 170 165 22 38 319 295 31 48
7.jpg 1 243 239 26 49
70.jpg 2 137 197 13 25 276 300 14 25
71.jpg 2 242 289 38 25 395 206 19 41
72.jpg 2 317 225 20 31 274 244 17 34
73.jpg 2 289 88 31 36 367 113 24 40
74.jpg 1 48 238 26 41
75.jpg 1 379 164 22 29
76.jpg 2 232 217 47 30 263 286 48 29
77.jpg 2 155 201 43 34 228 238 48 30
78.jpg 2 271 255 29 36 325 271 29 40
79.jpg 1 338 92 35 22
8.jpg 2 306 160 47 35 241 274 45 31
80.jpg 4 409 92 28 34 296 70 24 32 257 343 22 40 190 324 29 31
81.jpg 1 239 213 17 33
82.jpg 1 234 215 22 43
83.jpg 1 248 310 36 20
84.jpg 2 243 217 27 45 221 208 22 51
85.jpg 2 300 366 20 34 206 396 17 26
86.jpg 2 208 213 25 36 291 241 24 41
87.jpg 1 214 245 24 40
88.jpg 1 216 238 57 25
89.jpg 2 238 190 27 20 262 367 31 18
9.jpg 2 181 135 38 42 293 271 36 26
90.jpg 1 243 242 50 29
91.jpg 1 422 84 28 27
92.jpg 2 191 205 28 49 217 302 52 28
93.jpg 1 202 253 53 36
94.jpg 3 185 254 21 43 268 214 29 46 300 230 22 48
95.jpg 1 271 242 19 46
96.jpg 1 261 184 22 48
97.jpg 2 205 233 31 43 254 206 36 41
98.jpg 2 188 237 25 44 166 268 24 43
99.jpg 1 386 211 18 31
